86,235,298,38,42,56,79,113,125,153,228
18,66,75,107,176,178,81,171,8,35,65,103,188,212,6,13,16,36,52,96,98,110,158,168,169,177,181,202,217,237,1,4,27,29,143,164,278,287,304,314,88,245,270,296
30,32,33,55,58,89,269,308,211,238,253,283,294,317,321,84,137,139,148,183,229,271,275,300,22,41,49,51,91,101,138,256
67,232,233,260,276,303,307,48,179,185,40,77,83,109,121,133,141,150
46,122,234,252,266,267,306,7,187,192,230,261
155,242,243,20,54,90,124,126,140,231
265,9,161,173,174,208,236,248,311,17,57,106,120,134,147,221,292,94,146,219,225,263,277,293
14,25,31,70,85,93,97,102,111,116,129,166,172,191,262,272,285,53,68,73,151,180,200,205,209,274,284,310,60,80,82,142,149,170,197,240,305,318,322,2,45,61,64,69,87,100,112,154,203,204,223,250,268
74,117,288,290,47,186,227,251,301,19,34,37,50,118,157,159,162,201,206,241,255,279,315
114,196,215,273,313,319,5,59,131,182,184,71,78,132,195,249,258,286,295,299,312,0,190,199,210,213,218,289,316,24,43,127,224,280,104,136,152
12,62,92,99,108,156,175,216,222,226,3,23,26,63,207,220,239,264,302,115,130,163,28,44,76,95,119,144,160,165,189,198,167,193,214,282,297
11,39,105,123,128,145,246,247,281,10,21,135,259,309,15,72,194,244,254,257,291,320,323
